,0,1
0,0.6791131694175986,1.2740894578333475
1,-0.5283033572116843,-1.2442383729731732
2,-0.3422424498294669,1.4705252802914501
3,-1.096100168797539,-1.4421195916767975
4,-0.3303662216986871,2.1908813296365035
5,1.0908224112846325,0.9551697429350839
6,1.1010020353967296,1.3146428556571834
7,0.2990738692326439,1.2743510592205247
8,-0.8970319639387533,1.588864315756561
9,1.778512573524074,-0.40958263383253535
10,-0.6515899159026368,-0.9229317757441253
11,-0.21839035646562005,2.1827178438608046
12,-1.008442294498926,-1.3031783455941244
13,0.7447151914733345,0.09208123510372701
14,0.6395257423149993,1.296414520742179
15,-0.371084718147075,0.5644195619404967
16,-1.045202048237054,1.796502256715782
17,-0.1652300972135579,1.2484251989133865
18,1.9543938567941948,0.9428205022194066
19,-1.092141426087279,-0.9270788932204598
20,-0.9960005316952519,-1.3149143200270152
21,-0.6759079068370907,0.8708087326104266
22,1.4397573044604022,-0.6569372607887964
23,-0.9688548673963265,-1.2516754159669992
24,-0.544138328052724,-1.2754047303558815
25,2.2117121329610914,0.3402686111805908
26,-0.5147305250622215,-0.3747378638749405
27,-0.9863864422560491,-1.413663058729525
28,-0.21047287104510015,-0.2584989692437597
29,-0.301523953381079,1.206176736143298
30,-0.7607381077712323,-1.1574367779572559
31,-0.7415099288928269,-0.8947073618224691
32,-0.971682540760798,-1.2391607623390617
33,-1.1125006743114731,-1.388092991835817
34,0.48343817259617844,-0.7681023320959455
35,0.1837047959622114,-0.23964978671666842
36,0.2125470642798194,1.8554582732889233
37,0.18879460801825984,-0.5213269278034963
38,0.3205641868026263,0.7626041334948023
39,-0.7426409982386154,-1.1723853368473895
40,-1.0944035647788561,-0.6223127730152428
41,-0.3563808166518238,0.6285762855909903
42,-0.8851557358079735,-0.16688100795876332
43,-0.48588825674461344,-0.7115426807451307
44,2.720127803893046,-0.6500109132928764
45,-0.3665604407639209,-0.6729131856440033
46,-1.1068453275825303,-0.9207653179270157
47,1.7474081665148888,0.4082892144198261
48,-0.28964772525029897,-0.5767847810208261
49,-0.7861871680514749,-1.2281703747425883
50,-0.12055285805491012,1.1721235269314194
51,-0.6781700455286679,-0.9805772387831576
52,0.45289930025988756,-0.17160544366132208
53,-0.6487622425381654,0.5531551969878712
54,-1.1289011798254072,-1.4893410671770944
55,-0.10358681786808177,-1.4086046721804253
56,-0.12394606609227579,1.1123089243357849
57,-1.0480297216015253,-1.4762801639171095
58,-0.8274711991727571,-0.767114559647105
59,-0.7924080494533119,-0.3809501474333086
60,-0.18389274141906914,-0.858116394638363
61,-0.953585431228181,0.01623997552496423
62,-0.7290681660891529,1.012190399968855
63,0.6016349192310823,0.17321572848146055
64,-0.7980633961822547,-0.6512770973608282
65,0.5699649775490029,-0.593865663056468
66,0.4738240831569758,1.507956808432374
67,-0.5413106546882527,-0.7279675242866054
68,-0.6945705510426019,-1.230123934743747
69,-1.089879287395702,2.0779163419695155
70,-0.8506581207614226,-1.3526722665660642
71,2.253561698755268,0.04016658274711716
72,-0.3920095010441634,-0.8433870626802401
73,0.1559935969903916,-0.49141780305700766
74,-0.7511240183320296,-0.9942433832348753
75,-0.9479300844992382,-1.0246761286393558
76,-0.29190986394187624,-0.29702185849093543
77,-1.116459417021733,-0.11476623103216776
78,0.317736513438155,0.15607212556220093
79,-0.7200196113228444,-0.895140050617497
80,-0.8257745951540743,-0.7617930357967695
81,3.1097811935172035,-0.7595968488175563
82,0.066639118673096,-0.3301717130202763
83,-0.4994610888940761,1.5005059776746228
84,1.8486388729629648,0.32851635989247313
85,0.9997713289486541,0.6494084961040703
86,1.5268496440861208,1.0716101950170724
87,-0.544138328052724,-0.8441282257966339
88,-0.8466993780511625,0.24809635983731404
89,-0.7205851459957386,-1.1022604115417252
90,-0.29473753730634755,-0.8006431418298459
91,-1.0378500974894285,-1.119101659355411
92,1.8056582378229993,0.6758202985334916
93,0.036100246336804864,1.9589020995152506
94,-0.6136990928187201,-1.0258036850819365
95,-0.7686555931917523,1.358066507374645
96,-0.9219154895461015,0.3199821217150949
97,1.2667036945547532,1.3783956617052668
98,-0.9060805187050618,-0.6408743552754349
99,-0.7907114454346291,0.30321461982054404
100,1.0829049258641128,0.46489906260495784
101,-0.890245547864022,1.7503725803327976
102,0.8380284125008904,0.11514157242007453
103,1.3781140251149258,0.7602356088113953
104,0.4251881012880677,-0.7508390491238737
105,-1.081961801975182,-0.760058428132066
106,-0.0883173816999362,-0.20760257088033154
107,1.753629047916726,0.3562585777886316
108,-1.1255079717880414,-1.232835960735871
109,0.45459590427857016,0.0010768420128604835
110,2.277314155016827,0.2568795713608837
111,0.42009828923201953,-1.0516162538761424
112,-0.4050167985207317,-0.1266100304657704
113,1.6919857685712498,0.06659037584913118
114,-1.0536850683304682,-0.9289582189728653
115,-0.2738127544092593,-0.27870884846614924
116,-0.811070693658823,-1.3513645270373695
117,-1.0101388985176087,-1.1935676840096099
118,1.075552975116487,0.98630429275966
119,0.04232112773864199,1.082223302217699
120,1.992284679878111,-0.22057291128010617
121,-0.5701529230058608,-0.8899472047364684
122,-0.3032205573997618,-0.8555677299990341
123,0.9432178616592263,0.12370064016974834
124,0.750936072875172,1.495371186948889
125,-1.1147628130030502,-1.2773191770236119
126,-1.0316292160875913,-0.7206435360688802
127,-0.03232944908340273,-0.7812321252946737
128,0.2651417888589872,-0.4523317964389274
129,0.037231315682593295,-0.6843662169122796
130,1.0076888143691738,1.5480000005255952
131,1.105526312779884,0.9561175734715857
132,0.9822397540889314,0.7657800160755723
133,1.9532627874484059,-0.28043733883195754
134,2.3870278815583172,0.8909020069626918
135,-0.29077879459608763,1.4185560088181723
136,0.5558266107266461,-0.24972614778343655
137,0.20349850951351095,0.17026300199319033
138,-0.04477121188707685,-1.1935415245897285
139,1.3888591838999171,-0.7372518410702831
140,2.8439798972568933,-0.31026476349346255
141,-0.882328062443502,-0.7710508888531006
142,-0.7697866625375408,0.028125350546732503
143,-0.6555486586128968,-0.47295200576482527
144,-0.9366193910413528,-1.204595768831542
145,0.011216720729456625,1.7356779988495732
146,-0.9456679458076612,-1.299149440785626
147,-0.8037187429111975,-0.9187827207637224
148,1.1151404022190865,1.7822125397822939
149,-0.841609565995114,-0.4262243335831354
150,-0.9824276995457892,-1.1328415468509179
151,1.0981743620322582,1.5664882537918412
152,-0.9501922231908153,1.0000093593342885
153,-0.662335074687628,0.4670990148499304
154,-0.23988067403560276,-0.7711825471186728
155,-0.896466429265859,1.1069170886880446
156,1.85994956642085,-0.11018607971926966
157,-0.7878837720701577,-0.9477100422799398
158,-1.0361534934707457,0.9265240553425423
159,-0.52377907982853,-1.0760454246381164
160,1.5127112772637636,1.0311711022656802
161,0.7679021130620002,1.330469524649268
162,-0.7663934545001752,0.231000356356366
163,1.521759832030072,1.563809639321767
164,-1.1113696049656845,0.728975314349791
165,-0.27268168506347074,1.5148176646486782
166,-0.4627013351559481,-1.2420902828671525
167,0.22216115371902231,-0.7747701596172929
168,1.4454126511893448,0.8357576618393558
169,1.448240324553816,-0.10255755832127603
170,-0.9846898382373663,-0.9083791026562076
171,-0.20368645497036894,-0.245670753848701
172,-0.6691214907623593,1.7219242555402818
173,-0.3563808166518238,0.6238358481079846
174,-0.8851557358079735,-1.0568431227694979
175,-0.3484633312313039,0.7518183866786383
176,1.3051600523115638,0.05628670046013258
177,-0.34959440057709257,0.2677438084173002
178,0.025920622224707732,1.3525861920549667
179,0.8289798577345822,1.4796844375710374
180,0.2691005315692472,0.8995258969947814
181,-0.3462011925397268,-0.05052974336308564
182,-0.9151290734713701,-0.558421208992764
183,-0.2229146338487744,1.2266775864967017
184,0.537163966521135,0.5723803003513136
185,-1.0423743748725827,-1.4209084455269474
186,-0.7239783540331043,-0.6687016417245704
187,-0.9043839146863789,-0.9846343464241879
188,-0.696832689734179,-0.36117098116393015
189,2.115571238569064,1.0636547664121117
190,1.0484073108175616,1.6937444617191206
191,-0.49097806880066186,0.17824369386848757
192,-1.0638646924425652,0.006078888550632708
193,-0.957544173938441,-0.20461423898091347
194,-0.9694204020692208,-1.4584552692970574
195,0.012347790075245056,1.965494821557967
196,2.8422832932382103,-0.6439507096667562
197,0.49870760876432374,-0.7967940678775605
198,-1.1311633185169843,-1.490157214049133
199,-0.24723262478322816,0.004011084817747877
200,-0.1872859494564348,-0.4308324586593237
201,-0.6481967078652711,-0.8671032760336984
202,-0.6787355802015621,1.131616377133213
203,0.21594027231718493,1.4476708834118632
204,-0.1544849384285668,0.08053122272345001
205,2.7382249134256638,0.4259509523158826
206,-0.6934394816968134,1.101898253483434
207,-0.25232243683927674,-1.4542963576301153
208,-0.7652623851543866,0.17109120998380234
209,-1.0966657034704332,-1.1966109843802504
210,0.1656076864295945,-0.5351056655382606
211,-0.8370852886119599,-0.6801677826543097
212,-1.1294667144983015,-1.4911325525428518
213,-0.250625832820594,-1.1444452855528884
214,-0.6917428776781304,-0.9956537069667322
215,-1.1260735064609357,-0.029056969468718837
216,-0.6334928063700199,1.125574394575529
217,-0.6368860144073855,-1.2043799185143382
218,-0.5933398445945262,1.7558183411803396
219,0.026486156897601948,0.31691825015977965
220,-0.7352890474909899,-1.3657358208951824
221,0.30020493857843256,-0.9784780108716246
222,0.05589395988810466,1.3979740813714463
223,0.6661058719410301,-1.325221099352163
224,-0.6289685289868657,-0.7661985040814793
225,-0.7154953339396902,1.3762504435908067
226,0.635566999604739,-0.26166396576407536
227,1.407521828105428,0.33296322836923475
228,0.9098513159584638,-0.0966141119586253
229,-0.6323617370242313,-0.39375698223375677
230,-0.7403788595470384,-0.6463570379634286
231,-1.0830928713209707,-1.221343257358568
232,-0.034591587774979844,-0.2256728604783143
233,-1.0112699678633974,-1.2551204390925033
234,-0.9247431629105729,0.6242128155703279
235,-1.02484280001286,-1.414844096610154
236,-0.8229469217896029,-0.9358511098996465
237,0.05985270259836442,1.3475027444682077
238,-1.004483551788666,-1.3687307651322547
239,-0.6629006093605224,-0.6190468096739637
240,0.2962461958681726,-0.26186418042823967
241,-0.10924216459702456,1.2283729710855993
242,-0.019322151606834394,-0.3420799839440667
243,0.8595187300708731,-0.09738670021211607
244,0.13563434876619782,1.3203109890654041
245,-1.0169253145923403,-1.039069918246854
246,-0.32527640964263854,-1.2656612677589703
247,-0.8981630332845418,1.661111772695706
248,1.365106727638357,1.3488894855695417
249,-0.012535735532102932,-0.4564715899294405
250,-0.46722561253910216,-0.515076618271762
251,2.4820377066045554,-0.6645789512720727
252,-0.11376644198017866,-0.6096412505660757
253,2.7817710832385227,-0.7840514946670322
254,-1.0893137527228076,-1.4716006708330367
255,0.049673078486267536,-0.218659265875498
256,-0.5283033572116843,1.2914715817363855
257,-0.6165267661831915,-1.2633061306871523
258,-0.662335074687628,0.8320099845722807
259,1.0885602725930554,0.14840802463117483
260,-0.02723963702735429,0.17987564928017027
261,0.1480761115698718,-1.2153597435267973
262,-0.36486383674523803,0.09684707674902988
263,-0.5492281401087724,-0.2243557779915891
264,-0.3032205573997618,-0.4241141156194628
265,-1.02484280001286,-0.3125192092983215
266,-1.100624446180693,0.32742688357561084
267,-0.5712839923516494,-0.9498382440959925
268,0.6186009594179107,1.7535488017251868
269,2.747839002864866,-0.03698975999436078
270,-0.8500925860885282,0.40764151107487
271,0.13054453671014912,-0.35748372642046455
272,-0.7562138303880782,-1.2493044735967198
273,-0.9343572523497756,1.0843192646944753
274,-0.18954808814801194,0.9252562189090136
275,-0.737551186182567,0.09366907695505819
276,-0.2721161503905764,-0.8044748980516049
277,-0.7160608686125844,-0.7216500715889026
278,-0.6883496696407648,2.295068573250592
279,-1.049160790947314,-1.2449300255045268
280,-0.9151290734713701,0.44633121688244215
281,0.5592198187640116,0.3637689109592306
282,-0.06286832141969374,0.007160203197500334
283,0.08982604026176134,-0.6935549811517598
284,-0.5571456255292925,0.7213947839164078
285,0.43649879474595327,2.0424588678593025
286,0.7051277643707352,1.9006317245623747
287,-0.21047287104510015,-0.17447085595128625
288,-0.6108714194542488,1.6286170739292698
289,-0.42990032412807994,-0.3842090033981743
290,-0.10471788721387033,-0.25202402185781914
291,-0.6612040053418395,0.30718876893343317
292,-0.7290681660891529,-0.9312391184413598
293,-0.3908784316983747,-0.2312208619251556
294,-0.4055823331936259,0.021732521608638127
295,-0.4791018406698821,-1.1106609120990538
296,-0.6725146987997251,-1.0690982462179215
297,0.6559262478289332,-1.0120168340788378
298,-0.10867662992413021,-0.8246509512228775
299,-0.8749761116958765,-1.1003806195040216
300,-1.0367190281436398,2.12961475104495
301,1.1937497217513915,-0.17022481937965847
302,-0.9360538563684585,-1.228969915532268
303,-1.1091074662741074,0.9881297378801294
304,0.48570031128775554,-0.8953171038893466
305,-1.1238113677693586,-1.4426075561258596
306,1.244082307638982,0.3339302063148513
307,0.5349018278295579,-0.6082679900458552
308,-0.8065464162756689,1.654138020805787
309,0.3205641868026263,0.02546101312865021
310,0.08530176287860687,0.9290152336658861
311,-0.35920849001629523,-0.5071187868358842
312,-0.8483959820698455,-0.11111967825086869
313,-0.3167933895492244,1.8688178023305493
314,-0.8551823981445767,1.9986169141411827
315,-0.7301992354349414,-1.1250788963065763
316,-0.9253086975834672,0.4986290901000075
317,0.08926050558886689,-0.6616680160229282
318,-0.081530965625205,1.9850574047761023
319,1.332305716610489,1.4493232739085036
320,2.1806077259519054,-0.2384402929730478
321,-0.841609565995114,-1.0895876713834711
322,0.847076967267199,0.3800087235810136
323,0.3279161375502521,-0.8414317717207102
324,-0.4067134025394146,0.40858039784722944
325,-1.1221147637506759,-1.4829579478036619
326,1.9385588859531548,0.8586569241823073
327,-0.2133005444095715,0.2963230328632334
328,-1.0706511085172965,0.6587935410549827
329,-0.6634661440334166,1.645183984010089
330,0.1458139728782947,0.1527871312633256
331,-0.9524543618823924,-1.0437240469442508
332,-0.916825677490053,-0.20452687638094777
333,1.1060918474527783,-0.21533545057005068
334,-0.021018755625517166,-0.5717462501744385
335,0.7481083995107004,-1.2213593717567384
336,-0.7827939600141092,0.6690273014443421
337,3.0136402991251763,-0.4856327245293702
338,0.2990738692326439,-0.5121051157732522
339,-0.05947511338232808,-0.1857769210904099
340,0.5026663514745837,0.9801915215763367
341,-0.9773378874897407,1.3800508820217248
342,-0.937184925714247,-0.41782746985943886
343,-0.2562811795495368,2.2088325569018683
344,0.2006708361490396,-1.0759547597031185
345,-0.9111703307611102,-0.7881060475630245
346,-1.0061801558073489,0.531830075471934
347,-0.662335074687628,-0.25392197026867047
348,0.847642501940093,-0.4621606879655313
349,-0.17031990926960647,-0.36064281602137727
350,-0.20877626702641738,0.5315425274404895
351,1.3289125085731233,0.729756628799567
352,-0.8981630332845418,-1.0069818236145638
353,1.647308529412602,-0.8101529533208772
354,-0.686653065622082,1.306122645814357
355,-1.0355879587978514,-1.3071777004704277
356,-0.44007994824017693,-1.013023177909118
357,2.446974556885111,-0.233737902070056
358,0.11244742717753223,-1.0706140505849442
359,0.23573398586848474,0.8801764933765174
360,1.5703958138989802,0.553932823327009
361,-0.578635943099275,-0.19455685615706264
362,1.729311056982272,0.10272518374618558
363,-0.8246435258082857,-0.6516037419528486
364,-0.36542937141813225,1.4887668988263587
365,0.6208630981094881,-0.5022283411075186
366,-0.808808554967246,-1.2855517233419245
367,1.614507518384734,1.0070005099436499
368,-0.20198985095168603,0.5631478092855369
369,1.1270166303498665,0.6120289700356099
370,0.3725933767088999,1.075363763389147
371,-1.1300322491711956,-1.4925672419578282
372,-0.7307647701078357,-0.162628380135353
373,1.6902891645525668,0.11273094452248646
374,-0.9077771227237446,-0.11519489194648967
375,-0.6380170837531742,1.8871490094625536
376,0.36297928726969725,-0.1667352811037931
377,-0.5294344265574727,1.9929647365078706
378,0.1497727155885547,0.8365726796588135
379,-0.4208517693617715,0.46405084795596174
380,-0.45874259244568805,1.8905913316795915
381,0.11979937792515778,-0.7009584170999993
382,-0.4185896306701944,-0.6024647331007492
383,-1.0208840573026001,-0.9410944243352017
384,0.1944499547472025,-0.4967927196888856
385,-0.7579104344067609,-0.5990166022053012
386,-0.6527209852484253,-1.2224746135710618
387,-0.7833594946870035,-1.227903621693592
388,0.5795790669882056,-0.7338444222007127
389,-0.11659411534465011,1.099718381218172
390,-0.8715829036585108,-0.5037932698047514
391,-1.0887482180499135,-1.4602701168501344
392,-0.6668593520707823,-1.123460232182387
393,-1.0242772653399657,-0.5082565785522448
394,0.16900089446696004,-0.8453405110221242
395,-0.8410440313222198,-1.3019998102230785
396,-0.14147764095199836,1.7426054653343623
397,-0.8076774856214574,-1.374427950558565
398,0.0066924433463024,-0.28648729616213786
399,1.4216601949277847,0.3253444845857618
400,-0.11376644198017866,-0.22795680062534274
401,0.6186009594179107,0.7110400562776177
402,-0.056081905344962414,-0.2775928935659851
403,-0.5068130396417017,-1.117040038575158
404,-0.8201192484251315,-0.9805886213200439
405,0.7503705382022775,0.45184988308960033
406,0.6598849905391929,0.9837848627229001
407,0.39125602091441103,-0.21127408166605338
408,-1.000524809078406,1.1190219561321169
409,0.4449818148393675,1.5949406198833447
410,1.1185336102564523,0.5441247890820196
411,0.543950382595866,0.7672094795489542
412,-0.9564131045926525,-1.2685954789350502
413,-0.7545172263693953,-0.3265837094745825
414,-1.0463331175828425,-1.2828521840196014
415,-0.6238787169308172,-1.3391574779385933
416,0.4381953987646362,1.147876146094822
417,1.9063234095981811,-0.13104404422842633
418,1.2542619317510788,0.6706274119183926
419,-0.4027546598291546,-0.92933452750172
420,1.5240219707216496,-0.21876907246891839
421,-0.7646968504814923,1.976945029715566
422,2.480906637258767,-0.600875924174669
423,1.0574558655838704,0.7089009406060977
424,1.19488079109718,1.2856876653278095
425,0.7283146859594009,-0.05842815672960195
426,0.5841033443713598,0.22931144081704033
427,-0.18445827609196336,0.10540434309435216
428,-0.8749761116958765,-0.06909899081684007
429,1.5047937918432441,0.7112664763672009
430,-0.014232339550785829,0.4123985388258308
431,-0.7799662866496379,-1.202216161605695
432,1.285366338760264,0.5953012035077003
433,0.2464791446534761,-0.32748500636773875
434,-0.7754420092664835,-0.25698155276600587
435,1.645611925393919,0.19604173706868971
436,-0.6843909269305049,-1.136111436956564
437,-1.053119533657574,-1.284107267813812
438,1.6444808560481305,1.4253136492136138
439,0.18483586530799984,0.5358996956608805
440,-0.7878837720701577,-0.7136573784980761
441,-0.35751188599761236,1.5043915800241647
442,0.38107639680231414,-0.6442616572650196
443,0.44158860680200196,0.30153009301786354
444,1.1168370062377695,-0.09675589144258101
445,0.305294750634481,0.21205437961477278
446,1.3017668442741979,1.1981270666312003
447,0.0717289307291442,-0.4407016860206861
448,-0.8817625277706077,0.06418801888469064
449,-0.5226480104827416,0.8345717444963415
450,-0.047033350578654085,-0.48102170829264634
451,-0.6397136877718568,-1.2723445387643908
452,-0.8749761116958765,0.4372347220211014
453,-1.1260735064609357,-1.4006750867072715
454,0.7300112899780837,1.4654674903766722
455,0.018003136804187962,-0.6106838448434863
456,0.41104973446571086,-0.04187884376710876
457,2.35705454389492,0.6452719071868211
458,-1.0887482180499135,-1.4341457579812484
459,-1.0864860793583364,-1.236137629166964
460,-0.5972985873047861,0.33644046639357333
461,0.5422537785771832,-1.0947424932080307
462,-1.0751753859004507,-1.2747346793415664
463,-0.6125680234729316,0.555060236960732
464,1.4804758009087902,0.1724426130811788
465,-1.0830928713209707,-1.3599675487656842
466,-0.9518888272094982,0.8732337822857625
467,-0.3642983020723438,-0.5134863788609814
468,-0.3456356578668326,-1.3170283775362222
469,0.605028127268448,0.5703089834246805
470,-0.18163060272749204,1.22379509848451
471,-0.5984296566505746,-0.762888300664619
472,2.501831420155855,0.6693712666422348
473,0.3539307325033891,1.1262806006713275
474,0.684202981473647,0.9131018959907018
475,-0.8376508232848541,-0.8768736394105686
476,3.0221233192185903,-0.48368341572746704
477,1.1134437982004037,-1.0004699088618574
478,0.2266854311021763,1.434173433121566
479,-0.41406535328704014,-1.2368877044186928
480,1.0518005188549273,-0.7481035660580078
481,0.22611989642928207,1.2637738171706465
482,1.4290121456754108,-0.26716222036826937
483,1.7852989895988056,-0.6532627385572262
484,0.663843733249453,1.8986623789109534
485,-0.6877841349678705,-1.0323530684700841
486,-0.7613036424441267,1.316729407605295
487,0.021961879514447974,-0.24392696472457484
488,-0.4033201945020489,2.173980797936276
489,-0.40388572917494314,-0.6994257445148955
490,-0.41180321459546304,-1.387934897158686
491,0.06381144530862443,2.059320044697027
492,0.6146422167076507,0.5484159532527345
493,-1.010704433190503,-1.3386030028997118
494,0.5179357876427296,-0.5250375538395442
495,1.7349664037112151,0.8325426060221128
496,-0.7318958394536242,-0.30428706073622375
497,-0.7251094233788928,-1.4083723676949833
498,-0.8410440313222198,0.1316618117993825
499,0.5037974208203725,-0.12290515847655631
500,-1.0994933768349047,2.127228502727988
501,0.2362995205413792,-0.0911048917427342
502,1.5998036168894825,1.17279476690136
503,-0.395402709081529,1.4748414355330677
504,1.4940486330582523,0.24778082222817546
505,-0.035157122447874056,1.2114378964146189
506,-1.1221147637506759,-1.31037689491996
507,-0.041943538522605524,2.053075740804913
508,0.49870760876432374,-0.12079593586186978
509,-1.1238113677693586,-1.1371948022044478
510,2.682802515482024,-0.19126697424898786
511,-0.6996603630986504,1.852412909857433
512,-1.0423743748725827,0.09065138633396311
513,-0.9914762543120977,0.21132117976949055
514,-0.2511913674934882,-0.16237771464796336
515,-0.5085096436603845,1.5905751807298063
516,0.42858130932543353,-0.7276663653250226
517,0.8284143230616877,-0.819950156616213
518,-0.012535735532102932,-0.4144256037624728
519,0.029313830262073525,0.18923108487506754
520,-0.6448034998279055,-0.6744919840525262
521,-0.45195617637095686,1.0915686280955978
522,0.5637440961471658,-0.2779597853362586
523,-0.8687552302940394,-1.0587559625979648
524,2.7913851726777255,-0.6672104512788832
525,-1.0010903437513003,-1.2671900456877387
526,2.1647727551108655,-0.27534679872474105
527,-0.0860552430083591,1.6746156608859917
528,0.9449144656779092,1.0549965687084286
529,-0.977903422162635,1.4650150723941626
530,-0.6566797279586853,1.5976137069797054
531,-1.0321947507604856,-1.305556480642752
532,-0.6431068958092226,-0.8835114349000199
533,-0.9711170060879037,-0.12875729534745123
534,1.219198782031634,-0.6991027669476415
535,2.457154180997207,-1.4169140774592848
536,-0.6300995983326543,1.2900209260035647
537,1.37472081707756,-0.9525973088339326
538,-0.9400125990787184,0.4268012760312662
539,-1.1125006743114731,-0.8543032797647997
540,0.08926050558886689,1.8870304805066431
541,-1.0361534934707457,1.5224161089676869
542,0.46364445904487867,0.41710484978404877
543,2.5634746995013313,0.22903815833620367
544,0.03949345437417041,1.020942924360835
545,-1.0293670773960142,-1.340232803239469
546,-0.7799662866496379,0.4047603466803478
547,-0.8625343488922023,-0.9993554841250597
548,0.09887459502806954,0.023523478389931594
549,0.35732394054075434,-0.046190224017250696
550,2.406821595109617,0.2092025049336207
551,1.3899902532457056,-0.3107370098628962
552,-0.768090058518858,-0.2147302342979843
553,-1.1136317436572616,-1.4904310294274528
554,-0.4796673753427763,-0.6953860830365188
555,-0.08775184702704199,-0.11200082998980243
556,-0.6250097862766057,-1.024777073895223
557,-0.3823954116049606,0.7037211200430455
558,-0.8540513287987882,-1.4559342242742201
559,0.24987235269084163,-0.2954444028690558
560,-1.100624446180693,1.9906933592273155
561,0.40200117969940263,0.30906490353085697
562,2.423222100623551,0.05229694492688935
563,-0.9569786392655467,-1.2186491438143952
564,1.9419520939905206,0.11249211923124275
565,1.153031225303003,0.22713214937169626
566,2.2496029560450075,0.970766739341886
567,-1.0893137527228076,-1.2330822130461732
568,2.000767699971525,0.42874751827651997
569,-0.7002258977715446,-0.6078766286007772
570,-0.4496940376793796,-0.27542154909812483
571,-1.100624446180693,-0.5205924723904033
572,-0.5068130396417017,-0.10538507594534739
573,-0.615395696837403,1.0135299566401694
574,-0.7963667921635718,-1.0507598281970432
575,-0.25684671422243094,-0.6943740594391797
576,-1.0989278421620103,-1.3536836542326838
577,-0.8342576152474885,-0.9810770731402755
578,-1.0180563839381287,-1.0249458926549762
579,-0.584856824501112,-1.1350688158425895
580,-0.9926073236578862,-1.0122673634665105
581,0.051935217177844654,-0.1644163398475288
582,-0.7861871680514749,1.1358086706102943
583,0.5445159172687605,1.2139103835504341
584,-1.1294667144983015,-0.08544489796018773
585,-1.084223940666759,-1.3163783595376304
586,-0.2393151393627084,1.8706791552527346
587,-0.460439196464371,2.1699239744752883
588,-0.45365278038963963,1.9367041939968463
589,-1.0746098512275564,-1.3250850202419135
590,-0.9993937397326175,1.1938551212740292
591,-0.8879834091724449,1.4193272681825262
592,0.4138774078301822,0.3191864923546025
593,-1.0101388985176087,1.471831758980866
594,-0.6979637590799675,-1.0947159949765304
595,-1.1170249516946273,-1.4626117215846082
596,-1.0016558784241947,-0.9680028766758997
597,-1.0367190281436398,-0.37386015823834545
598,-0.9739446794523751,1.2640429169813105
599,-0.20538305898905185,0.7692088797558166
600,-0.22856998057771719,0.10247861035556537
601,-0.395402709081529,-0.4908959090443679
602,-1.0870516140312305,-1.1251002630036804
603,1.5483399616561035,1.2762640461708685
604,1.8197966046453564,0.5001803700083775
605,0.03157596895365064,0.7020466401789733
606,2.9910189122094053,-0.6790891152427805
607,1.422225729600679,-0.3821599478805164
608,-0.7901459107617348,-0.7276407124452849
609,-0.4547838497354282,-0.729690441273162
610,-0.688915204313659,-0.023438107033360727
611,0.671761218669973,-0.09690620543307953
612,-0.6538520545942138,1.682598698085284
613,-1.0932724954330677,-0.6966484404979939
614,0.07625320811229842,0.03846771707250249
615,-1.0214495919754945,1.2457810138378922
616,0.6802442387633872,-0.05143504848874927
617,0.6994724176417926,1.5308623227362643
618,-0.6804321842202449,1.8878864595486426
619,-0.7697866625375408,1.0712754611179351
620,-0.29473753730634755,1.4133565319097396
621,-0.652155450575531,-1.1541318589473613
622,-0.14147764095199836,-0.5889525356393674
623,-0.6436724304821169,0.6811000378538421
624,-0.9790344915084236,-1.4019911187342096
625,-0.9564131045926525,1.5925413366639194
626,1.9391244206260487,1.2027389382833986
627,-0.5288688918845785,-1.1381560026212374
628,-1.0095733638447144,-1.3720031361823881
629,-0.5611043682395523,-0.5966098929252663
630,-0.02780517170024863,-0.466913267076802
631,-0.14882959169962404,-0.07325856908486025
632,0.40539438773676817,0.6775624808183541
633,-0.5554490215106096,1.818286904069867
634,0.2272509657750705,1.790830982471137
635,-1.1011899808535874,-1.3447811570579462
636,-0.07870329226073354,-0.1539710517446501
637,1.3566237075449432,-0.633063555143222
638,-0.7805318213225321,-0.2174061679870155
639,-0.947364549826344,-1.3206991920089557
640,-0.8178571097335545,-1.3030177057564427
641,-1.1289011798254072,-1.2697207566658217
642,-1.0033524824428774,-0.018961141829415194
643,-1.0683889698257194,-1.3829993497093485
644,-0.09566933244756189,0.016044932170817577
645,-0.20425198964326316,-0.6915737914703981
646,-0.11772518469043879,-0.5461872634270485
647,-0.9196533508545244,-0.7013638212563598
648,-1.1300322491711956,-0.7411990740680343
649,0.44724395353094487,0.1944971437777483
650,-0.8365197539390656,-1.0815199183403272
651,-1.0932724954330677,0.14661795010191922
652,-0.7177574726312673,0.3415170936593076
653,-0.41972070001598294,-0.3083204223312262
654,-0.4406454829130713,-0.6005562455878768
655,-0.811070693658823,-0.883271069381698
656,-0.5944709139403147,-1.2419062702992156
657,1.3605824502552033,0.08578700034681294
658,-0.6069126767439889,0.2820392635832185
659,0.5456469866145489,0.5295968736827442
660,-0.6063471420710946,1.740253506957693
661,0.5631785614742718,-0.10385243690594835
662,-0.9400125990787184,0.11556236542893163
663,0.580710136333994,1.7202621022850766
664,-0.841609565995114,-1.3142697407456314
665,0.4268847053067506,-0.10003014009373815
666,1.0455796374530903,-0.1852316356577652
667,1.7570222559540918,0.5940058303634933
668,-1.1045831888909532,-1.4046020940411081
669,1.2995047055826212,-0.44607888232282217
670,-1.027104938704437,-1.3369318962958767
671,-1.031063681414697,-1.4424827732921126
672,0.4772172911943413,0.5897751026138948
673,-0.28399237852135617,1.1796169947592832
674,-0.22461123786745704,1.3972769148846613
675,-1.1147628130030502,-1.4495188789797933
676,0.6366980689505278,1.066423448703638
677,-0.7313303047807299,-0.6847282249071486
678,0.45855464698883047,0.6369492307478911
679,2.752928814920914,-0.7685878644814046
680,-0.7290681660891529,0.1826849463150297
681,-0.23648746599823708,-0.5959265894406304
682,-0.7952357228177834,-1.1156217601982277
683,-0.24497048609165117,0.6141048290506822
684,0.24478254063479343,0.09545871922394535
685,1.162645314742206,0.08304706480746225
686,0.42631917063385616,-0.5065986956652689
687,-0.3269730136613215,0.8063074854656661
688,-0.34676672721262125,-0.17435636733591478
689,-0.5464004667443011,-0.32292925715901083
690,0.24195486727032187,-0.5050167324591037
691,-1.0203185226297058,-1.018940162940544
692,2.1500688536156147,0.8227917494726242
693,-1.1260735064609357,-1.4644143934844907
694,-0.9303985096395156,-0.7166390079656617
695,3.0815044598724897,-1.1195144263147658
696,-1.0700855738444022,-0.3763261437373325
697,0.8329386004448422,-0.2612188195319323
698,-0.46779114721199655,-0.2922484335994347
699,1.252565327732396,-0.48397238322145175
700,2.010381789410728,0.12897312690870613
701,-0.20990733637220593,0.29158489230256257
702,0.06777018801888444,0.7823226548804697
703,-1.008442294498926,-0.9966929021057909
704,-0.4977644848753932,-0.8875684644274802
705,0.7170039925015153,0.03334732464252308
706,-0.39992698646468317,1.2739619712157881
707,-0.8755416463687707,-1.053424359221765
708,-0.808808554967246,-1.4265836187409469
709,-1.1045831888909532,-0.8929942377856125
710,-1.0700855738444022,-1.4831469874350858
711,1.067069955023073,1.1358050994303992
712,0.9845018927805085,0.0659880914716703
713,0.708520972408101,1.1969430728947479
714,-0.8466993780511625,-1.4649006375181175
715,-1.0565127416949396,0.5938755901227885
716,1.4120461054885822,-1.2778294052777714
717,-0.4372522748757055,-0.9174938669876445
718,-0.8263401298269685,-0.8395791287011818
719,-0.9038183800134846,-1.2433051659678727
720,0.6921204668941667,-0.2779073006848695
721,0.8906231370800585,0.23199770993774155
722,-0.08492417366257053,0.762729069201119
723,0.6808097734362812,1.243880997573948
724,0.13733095278488072,0.4265911021265507
725,-0.6781700455286679,2.1580553727851792
726,1.2723590412836958,1.3262630691340398
727,-0.47288095926804496,0.4645296740757937
728,-1.065561296461248,-1.2031184739752603
729,-1.0372845628165341,2.2665033555741148
730,-0.03911586515813407,1.1202503063956686
731,1.614507518384734,0.504022100326643
732,-1.1277701104796185,-1.3204263048882119
733,-0.7890148414159462,0.04422512806121282
734,-1.089879287395702,-1.4663298795898476
735,-1.0536850683304682,0.9139911835215152
736,0.0055613740005137175,-1.1362772452289172
737,-0.6103058847813546,2.187665899065815
738,-0.8263401298269685,1.9887104203770571
739,0.8210623723140622,1.5749006002960078
740,-0.4287692547822914,-0.38369607375632453
741,0.325653998858675,-0.21977134097528156
742,-0.9728136101065865,0.5279530890970758
743,1.240123564928722,-0.7025791610578903
744,-0.40162359048336604,-1.1206866095669827
745,-1.079699663283605,-1.1589394324079698
746,-0.6018228646879403,0.023772795339985667
747,1.185832236330871,0.8054162014861891
748,-1.1136317436572616,1.680423307526192
749,-0.9456679458076612,0.7569843983918936
750,-0.7890148414159462,1.0978977364880693
751,0.23516845119559052,-0.3805829216436593
752,1.2938493588536784,0.28464939737214906
753,0.9782810113786714,-0.33551476123252877
754,-0.8755416463687707,-1.1604193735411414
755,0.9420867923134378,0.7564467618591827
756,0.6135111473618623,-0.23194590201734075
757,1.887095230719776,-1.058387495138011
758,-1.0955346341246448,-1.3896324027945801
759,0.6932515362399557,0.060487558155667254
760,-0.11206983796149601,2.081589186915842
761,2.343481711745458,0.7797833010911394
762,-1.0401122361810056,-1.2211175470002549
763,-0.9507577578637096,-1.4160909468507166
764,-0.9032528453405904,-0.6337351660328135
765,-0.2212180298300915,-0.5197121061001877
766,0.6615815945578759,-0.12494192620252068
767,0.14864164624276602,0.4598161105361825
768,1.1711283348356205,-0.4739764714641002
769,0.31886758278394345,0.963586407729916
770,0.6615815945578759,0.5445916355514181
771,1.0608490736212361,-1.2752613564924962
772,1.3153396764236611,-0.8287873508465066
773,-1.0446365135641598,1.2638846042570981
774,-0.2511913674934882,1.2315824300415967
775,-0.138649967587527,1.0434900109550145
776,-1.0395467015081112,-1.2356148457139207
777,0.3392268310081377,1.1805240476161711
778,0.9669703179207858,0.889684951058745
779,0.7718608557722602,-0.6433816283487503
780,1.6020657555810598,0.29801196325851426
781,-0.03798479581234551,2.040021387104192
782,-0.11659411534465011,-1.209898565552522
783,1.3617135196009917,0.08241441485795407
784,-1.1294667144983015,-1.3637133335757807
785,-0.4468663643149083,2.0372148499223943
786,-0.8585756061819424,-1.3762170767028215
787,-0.9496266885179211,-1.005836425649236
788,0.1559935969903916,0.4158519833609301
789,0.6072902659600251,2.037546748251021
790,1.3758518864233484,0.9379126692729833
791,-1.0203185226297058,-1.3841037001917498
792,-0.14260871029778677,-0.1779694122710691
793,0.5077561635306325,-0.17645173653293914
794,-0.7024880364631217,2.1134877080607763
795,0.7079554377352065,1.5328976225980286
796,3.251164861740773,-0.6995309457622619
797,-1.110238535619896,-1.2878867828301541
798,-1.0582093457136224,-1.421426188977446
799,1.9057578749252868,-0.8818663070484839
800,0.6485742970813074,1.4323043277869858
801,-0.5865534285197949,-1.0922817753431568
802,-0.8676241609482509,-0.9679372114378432
803,-0.3931405703899519,1.7604711424262727
804,-0.9965660663681462,-0.8563602544649285
805,-0.7816628906683207,-1.0509420776985772
806,-0.4101066105767803,0.12512942314454603
807,1.1880943750224484,1.2522458524652826
808,-1.116459417021733,-1.4660292056033124
809,-0.4067134025394146,0.6422746962185485
810,1.943083163336309,-1.054369692999376
811,0.19162228138273116,0.13158296357853655
812,-0.2777714971195192,-0.8562358248195311
813,-1.1181560210404158,-0.449192699119668
814,-0.5119028516977502,-0.9831685634953682
815,1.9549593914670893,-0.5681373812003158
816,0.7724263904451544,-0.09555453876230754
817,1.005992210350491,-0.2259767328081966
818,2.0810736235225127,0.9679780599764632
819,-0.6679904214165708,-0.5432605545082502
820,1.9289447965139523,-0.13149967588946262
821,-0.8240779911353915,-1.3433041468609315
822,2.776681271182474,0.29327175244862846
823,0.48174156857749556,-0.098522706338529
824,-0.7053157098275931,1.283243951780734
825,2.0335687109993934,-0.4153631760224259
826,-0.9156946081442644,-1.4758785509046235
827,1.5941482701605396,-0.7966236657605377
828,-0.2777714971195192,0.6413387097119871
829,-0.6284029943139714,2.1815681774441447
830,1.042751964088619,0.0817282154205392
831,-0.7980633961822547,1.028681303629255
832,-1.0010903437513003,-1.2269680473199764
833,1.495745237076935,0.10728388018469857
834,0.46760320175513864,1.695155414193332
835,-0.06513046011127087,2.112132905825048
836,0.3318748802605119,1.1389784962744385
837,-0.7907114454346291,-0.7971044303428864
838,0.8566910567064018,-0.9049332931235365
839,0.22216115371902231,-0.4411802351488406
840,-1.0095733638447144,1.0148586785280354
841,2.003595373335996,0.4819737228707952
842,0.12828239801857202,1.3435706516055126
843,-0.5017232275856532,1.8075572102096413
844,-0.11772518469043879,-0.15629248736368398
845,2.3016321459512814,-0.6866267090908291
846,0.9811086847431427,0.30388903129726796
847,1.3718931437130888,0.306839432109742
848,-0.6284029943139714,-1.0759238799233377
849,1.1094850554901436,1.20192369043625
850,2.0397895924012306,1.2355579008552582
851,-0.307744834782916,0.3750985798147489
852,-0.6250097862766057,-0.6362783114452427
853,-0.6940050163697076,-0.9896373835187025
854,0.03383810764522775,0.6879525502948967
855,-1.0384156321623228,1.4314634802540034
856,-0.14543638366225822,-1.1299441770055978
857,0.7441496568004407,0.9404666719924054
858,-0.761869177117021,0.06557482420208856
859,-0.674211302818408,1.7657097446487422
860,-0.4977644848753932,0.21354347776692498
861,-0.05495083599917386,-0.6100237214409147
862,-1.1221147637506759,-1.4287462949986693
863,-0.13808443291463268,-0.051543843439556064
864,-1.0016558784241947,1.6069366612270273
865,0.34827538577444617,-0.7232426424261718
866,-1.1249424371151473,1.4792532487482413
867,0.7170039925015153,1.9907657542129937
868,0.8007031240898684,1.2986425152795242
869,-0.3987959171188947,-1.0954560803173492
870,-0.4191551653430886,-0.009799819414190648
871,-0.16805777057802937,2.0895189928321987
872,-0.8778037850603478,-0.9261698386434404
873,-0.8404784966493255,0.6181973403494069
874,-1.010704433190503,0.17828519661455136
875,0.8646085421269215,0.7868408784260583
876,-1.0632991577696709,1.0890271786581616
877,0.1599523397006516,-0.7105136365363656
878,-0.8738450423500879,-0.29330933280954363
879,-0.02780517170024863,0.44287091272992174
880,-1.1040176542180589,-1.3359387896007375
881,-0.8082430202943516,-1.1927557691678523
882,0.7339700326883435,0.7151516737721623
883,-0.8625343488922023,-0.6631454354775423
884,-0.7737454052478007,0.446640011804902
885,-0.3699536488012866,0.19213997479466394
886,0.8482080366129875,-1.328134157085977
887,1.8033960991314224,0.3642892772046255
888,2.765936112397483,0.17724048129014472
889,1.0908224112846325,1.6591502647586152
890,0.8589531953979787,1.736331783551597
891,0.7871302919404055,1.2992985844440503
892,-0.5509247441274554,0.9030519224546082
893,0.013478859421033737,2.0958224531371763
894,-0.4791018406698821,-0.32974052084291006
895,1.3311746472647006,1.3425014464788783
896,3.0125092297793885,-0.4837097965490002
897,0.34205450437260904,2.1096862761977704
898,-0.3987959171188947,0.5260030183284476
899,1.712345016795444,-0.41404273608986764
900,-0.18954808814801194,2.120772310266415
901,-0.35524974730603537,-1.268821484974791
902,-0.896466429265859,-0.8474752877963311
903,-0.992041788984992,0.896372187166481
904,0.12093044727094646,-0.010916350342029816
905,-1.1294667144983015,-0.1826199899159936
906,0.8018341934356569,-0.286129901660137
907,0.5484746599790205,-0.3722935853223497
908,0.8730915622203355,0.8630283076347484
909,-0.1505261957183068,-1.0323275751720566
910,-0.6001262606692574,0.6940348384962053
911,-0.5978641219776804,-0.11906289478158379
912,-0.4067134025394146,-1.1853880205781258
913,1.5019661184787727,-0.012076819913330405
914,1.77002955343066,0.2518943451187568
915,-1.0785685939378165,-0.1549328435242943
916,-0.5775048737534864,-0.9337373015871044
917,1.4816068702545786,-0.23101587945788082
918,-0.676473441509985,1.6491023178623199
919,-0.8099396243130345,1.072015148702539
920,-0.7867527027243691,0.07695212460395019
921,-1.1272045758067244,-1.2071789433751425
922,1.2746211799752727,0.12812034285548263
923,0.3375302269894548,-0.39110117261307664
924,-0.13525675955016137,-1.1998199943030274
925,1.7609809986643516,0.2729590005300148
926,-0.6408447571176455,1.104250924945944
927,1.075552975116487,0.6886192285281995
928,0.5145425796053638,-0.3406613945505298
929,-0.967723798050538,1.2568221038503775
930,2.5487707980060805,-0.017769610373078726
931,2.2309403118394964,0.526087572673692
932,-1.1074108622554246,-1.4208520091915244
933,0.7396253794172863,0.4646334740711453
934,-0.7403788595470384,0.5271361711530497
935,-0.31509678553054155,-0.8585520268293808
936,-0.4660945431933137,0.1608167294217513
937,0.8923197410987413,1.1995587096169507
938,-0.8563134674903653,0.151482873778796
939,-1.0101388985176087,-0.07328811182869
940,-0.62953406365976,1.6069789537348282
941,1.9741875703454945,1.0348796091716288
942,0.9528319510984289,-0.8011318557857998
943,-0.4366867402028113,-0.65229324420452
944,-0.7918425147804176,-0.10909200428626983
945,0.12488918998120647,-0.825713553596345
946,-0.7935391187991004,-0.546043025042926
947,0.535467362502452,-0.5297178822116682
948,1.6569226188518045,1.052385165933405
949,-0.8286022685185456,-1.119193133221121
950,-0.8427406353409026,0.1390356867932669
951,-0.8178571097335545,-0.8424481874092652
952,1.3170362804423434,0.1965876181772079
953,-0.10867662992413021,0.3753434768785743
954,1.8548597543648018,-1.2186714263092422
955,-1.0485952562744196,-1.007923488929735
956,3.095642826694847,-0.9576826301879201
957,0.15090378493434314,1.0211827632115906
958,-0.5447038627256183,-0.598722760520399
959,-1.084223940666759,-1.4253686201471574
960,-0.9892141156205206,-0.9897430937023342
961,2.548205263333186,-0.6852095477858711
962,-1.1091074662741074,-1.4817281210498714
963,-0.04929548927023107,0.47388411192558333
964,0.18992567736404828,-0.4849082168554437
965,1.4324053537127766,0.37192470326713
966,-0.8008910695467261,-1.2360439072598035
967,-0.5571456255292925,0.0899481854540963
968,0.6621471292307703,-0.529604388466058
969,1.1677351267982545,0.5048178629115059
970,0.798440985398291,0.1917661189360598
971,1.8571218930563786,0.9868974915225692
972,-0.5967330526318919,-1.1307744202620469
973,0.43310558670858773,-0.03446688481371092
974,-1.0802651979564992,-1.460058424283437
975,1.4861311476377328,-0.41296222797759
976,-0.42820372010939717,-0.9126529471794986
977,-0.6510243812297424,-0.3058742767205473
978,0.22498882708349363,-1.012320994901782
979,1.8418524568882337,0.18691664257705054
980,1.9255515884765866,0.9995312347989133
981,0.42009828923201953,0.8743006425676266
982,-0.36316723272655516,1.399555301779861
983,1.4765170581985303,1.0727455168111062
984,0.8301109270803706,-0.3418113168729955
985,-0.3563808166518238,-1.2827656643752765
986,0.23573398586848474,-0.09256078108473899
987,0.457989112315936,-0.8443510047395663
988,-0.2721161503905764,0.6059305827713105
989,1.9555249261399827,0.6495435031894373
990,0.06381144530862443,2.1767445106712375
991,-0.35242207394156405,0.8283979220470546
992,0.35732394054075434,-0.23923557968812592
993,-0.2930409332876648,0.7721503967071929
994,-0.07587561889626221,-0.07955177159251342
995,-0.584856824501112,-0.14976200075031348
996,-0.6481967078652711,-1.0248705921320325
997,-1.114197278330156,-1.448379164136095
998,1.0636767469857074,1.2732104180361477
